1,1,15.000000
2,1,14.972274
3,1,14.944649
4,1,14.917127
5,1,14.889706
6,1,14.862385
7,1,14.835165
8,1,14.808044
9,1,14.781022
10,1,14.754098
11,1,14.727273
12,1,14.700544
13,1,14.673913
14,1,14.647378
15,1,14.620939
16,1,14.594595
17,1,14.568345
18,1,14.542190
19,1,14.516129
20,1,14.490161
21,1,14.464286
22,1,14.438503
23,1,14.412811
24,1,14.387211
25,1,14.361702
26,1,14.336283
27,1,14.310954
28,1,14.285714
29,1,14.260563
30,1,14.235501
31,1,14.210526
32,1,14.185639
33,1,14.160839
34,1,14.136126
35,1,14.111498
36,1,14.086957
37,1,14.062500
38,1,14.038128
39,1,14.013841
40,1,13.989637
41,1,13.893654
42,1,13.798978
43,1,13.705584
44,1,13.613445
45,1,13.522538
46,1,13.432836
47,1,13.344316
48,1,13.256956
49,1,13.170732
50,1,13.085622
51,1,13.001605
52,1,12.918660
53,1,12.836767
54,1,12.755906
55,1,12.676056
56,1,12.597201
57,1,12.519320
58,1,12.442396
59,1,12.366412
60,1,12.291351
61,1,12.217195
62,1,12.143928
63,1,12.071535
64,1,12.000000
65,1,11.929308
66,1,11.859444
67,1,11.790393
68,1,11.722142
69,1,11.654676
70,1,11.587983
71,1,11.522048
72,1,11.456860
73,1,11.392405
74,1,11.328671
75,1,11.265647
76,1,11.203320
77,1,11.141678
78,1,11.080711
79,1,11.020408
80,1,10.960758
81,1,10.843373
82,1,10.728477
83,1,10.615990
84,1,10.505837
85,1,10.397946
86,1,10.292249
87,1,10.188679
88,1,10.087173
89,1,9.987670
90,1,9.890110
91,1,9.794438
92,1,9.782609
93,1,9.770808
94,1,9.747292
95,1,9.735577
96,1,9.723890
97,1,9.700599
98,1,9.688995
99,1,9.665871
100,1,9.654350
101,1,9.642857
102,1,9.619952
103,1,9.608541
104,1,9.585799
105,1,9.574468
106,1,9.563164
107,1,9.540636
108,1,9.529412
109,1,9.507042
110,1,9.495897
111,1,9.484778
112,1,9.462617
113,1,9.451575
114,1,9.429569
115,1,9.418605
116,1,9.407666
117,1,9.385863
118,1,9.375000
119,1,9.353349
120,1,9.342561
121,1,9.310345
122,1,9.278351
123,1,9.246575
124,1,9.215017
125,1,9.183673
126,1,9.152542
127,1,9.121622
128,1,9.090909
129,1,9.060403
130,1,9.030100
131,1,9.000000
132,1,8.970100
133,1,8.940397
134,1,8.910891
135,1,8.881579
136,1,8.852459
137,1,8.823529
138,1,8.794788
139,1,8.766234
140,1,8.737864
141,1,8.709677
142,1,8.681672
143,1,8.653846
144,1,8.626198
145,1,8.598726
146,1,8.571429
147,1,8.544304
148,1,8.517350
149,1,8.490566
150,1,8.463950
151,1,8.437500
152,1,8.411215
153,1,8.385093
154,1,8.359133
155,1,8.333333
156,1,8.307692
157,1,8.282209
158,1,8.256881
159,1,8.231707
160,1,8.206687
161,1,8.181818
162,1,8.157100
163,1,8.132530
164,1,8.108108
165,1,8.083832
166,1,8.059701
167,1,8.035714
168,1,8.011869
169,1,7.988166
170,1,7.964602
171,1,7.941176
172,1,7.917889
173,1,7.894737
174,1,7.871720
175,1,7.848837
176,1,7.826087
177,1,7.803468
178,1,7.780980
179,1,7.758621
180,1,7.736390
181,1,7.714286
182,1,7.692308
183,1,7.670455
184,1,7.648725
185,1,7.627119
186,1,7.605634
187,1,7.584270
188,1,7.563025
189,1,7.563025
1,2,16.530612
2,2,16.496945
3,2,16.463415
4,2,16.430020
5,2,16.396761
6,2,16.363636
7,2,16.330645
8,2,16.297787
9,2,16.265060
10,2,16.232465
11,2,16.200000
12,2,16.167665
13,2,16.135458
14,2,16.103380
15,2,16.071429
16,2,16.039604
17,2,16.007905
18,2,15.976331
19,2,15.944882
20,2,15.913556
21,2,15.882353
22,2,15.851272
23,2,15.820312
24,2,15.789474
25,2,15.758755
26,2,15.728155
27,2,15.697674
28,2,15.667311
29,2,15.637066
30,2,15.606936
31,2,15.517241
32,2,15.428571
33,2,15.340909
34,2,15.254237
35,2,15.168539
36,2,15.083799
37,2,15.000000
38,2,14.917127
39,2,14.835165
40,2,14.754098
41,2,14.673913
42,2,14.594595
43,2,14.516129
44,2,14.438503
45,2,14.361702
46,2,14.285714
47,2,14.210526
48,2,14.136126
49,2,14.062500
50,2,13.989637
51,2,13.917526
52,2,13.846154
53,2,13.775510
54,2,13.705584
55,2,13.636364
56,2,13.567839
57,2,13.500000
58,2,13.432836
59,2,13.366337
60,2,13.300493
61,2,13.235294
62,2,13.170732
63,2,13.106796
64,2,13.043478
65,2,12.980769
66,2,12.918660
67,2,12.857143
68,2,12.796209
69,2,12.735849
70,2,12.676056
71,2,12.616822
72,2,12.558140
73,2,12.500000
74,2,12.442396
75,2,12.385321
76,2,12.328767
77,2,12.272727
78,2,12.217195
79,2,12.162162
80,2,12.107623
81,2,12.053571
82,2,12.000000
83,2,11.946903
84,2,11.894273
85,2,11.842105
86,2,11.790393
87,2,11.739130
88,2,11.688312
89,2,11.637931
90,2,11.587983
91,2,11.505682
92,2,11.424542
93,2,11.344538
94,2,11.265647
95,2,11.187845
96,2,11.111111
97,2,11.035422
98,2,10.960758
99,2,10.887097
100,2,10.814419
101,2,10.742706
102,2,10.671937
103,2,10.602094
104,2,10.533160
105,2,10.465116
106,2,10.397946
107,2,10.331633
108,2,10.266160
109,2,10.201511
110,2,10.137672
111,2,10.074627
112,2,10.012361
113,2,9.950860
114,2,9.890110
115,2,9.830097
116,2,9.770808
117,2,9.712230
118,2,9.654350
119,2,9.597156
120,2,9.540636
121,2,9.518214
122,2,9.495897
123,2,9.473684
124,2,9.451575
125,2,9.429569
126,2,9.407666
127,2,9.385863
128,2,9.364162
129,2,9.342561
130,2,9.321059
131,2,9.299656
132,2,9.278351
133,2,9.257143
134,2,9.236032
135,2,9.215017
136,2,9.194098
137,2,9.173273
138,2,9.152542
139,2,9.131905
140,2,9.111361
141,2,9.090909
142,2,9.070549
143,2,9.050279
144,2,9.030100
145,2,9.010011
146,2,8.990011
147,2,8.970100
148,2,8.950276
149,2,8.930540
150,2,8.910891
151,2,8.891328
152,2,8.871851
153,2,8.852459
154,2,8.833152
155,2,8.813928
156,2,8.794788
157,2,8.775731
158,2,8.756757
159,2,8.737864
160,2,8.719053
161,2,8.700322
162,2,8.681672
163,2,8.663102
164,2,8.644610
165,2,8.626198
166,2,8.607864
167,2,8.589608
168,2,8.571429
169,2,8.553326
170,2,8.535300
171,2,8.517350
172,2,8.499475
173,2,8.481675
174,2,8.463950
175,2,8.446298
176,2,8.428720
177,2,8.411215
178,2,8.393782
179,2,8.376422
180,2,8.359133
181,2,8.324769
182,2,8.290686
183,2,8.256881
184,2,8.223350
185,2,8.190091
186,2,8.157100
187,2,8.124373
188,2,8.091908
189,2,8.059701
190,2,8.027750
191,2,7.996051
192,2,7.964602
193,2,7.933399
194,2,7.902439
195,2,7.871720
196,2,7.841239
197,2,7.810993
198,2,7.780980
199,2,7.751196
200,2,7.721640
201,2,7.721640
202,2,7.721640
203,2,7.721640
204,2,7.721640
205,2,7.721640
206,2,7.721640
207,2,7.721640
208,2,7.721640
209,2,7.721640
210,2,7.721640
211,2,7.721640
212,2,7.721640
213,2,7.721640
214,2,7.721640
215,2,7.721640
216,2,7.721640
217,2,7.721640
218,2,7.721640
219,2,7.721640
220,2,7.721640
221,2,7.721640
222,2,7.721640
223,2,7.721640
224,2,7.721640
225,2,7.721640
226,2,7.721640
227,2,7.721640
228,2,7.721640
229,2,7.721640
230,2,7.721640
231,2,7.721640
232,2,7.721640
233,2,7.721640
234,2,7.721640
235,2,7.721640
236,2,7.721640
237,2,7.721640
238,2,7.721640
239,2,7.721640
240,2,7.721640
241,2,7.721640
242,2,7.721640
1,3,13.064516
2,3,13.043478
3,3,13.022508
4,3,13.001605
5,3,12.980769
6,3,12.960000
7,3,12.939297
8,3,12.918660
9,3,12.898089
10,3,12.877583
11,3,12.857143
12,3,12.836767
13,3,12.816456
14,3,12.796209
15,3,12.776025
16,3,12.755906
17,3,12.735849
18,3,12.715856
19,3,12.695925
20,3,12.676056
21,3,12.656250
22,3,12.636505
23,3,12.616822
24,3,12.597201
25,3,12.577640
26,3,12.558140
27,3,12.538700
28,3,12.519320
29,3,12.500000
30,3,12.480740
31,3,12.442396
32,3,12.404288
33,3,12.366412
34,3,12.328767
35,3,12.291351
36,3,12.254160
37,3,12.217195
38,3,12.180451
39,3,12.143928
40,3,12.107623
41,3,12.071535
42,3,12.035661
43,3,12.000000
44,3,11.964549
45,3,11.929308
46,3,11.894273
47,3,11.859444
48,3,11.824818
49,3,11.790393
50,3,11.756168
51,3,11.722142
52,3,11.688312
53,3,11.654676
54,3,11.621234
55,3,11.587983
56,3,11.554922
57,3,11.522048
58,3,11.489362
59,3,11.456860
60,3,11.424542
61,3,11.344538
62,3,11.265647
63,3,11.187845
64,3,11.111111
65,3,11.035422
66,3,10.960758
67,3,10.887097
68,3,10.814419
69,3,10.742706
70,3,10.671937
71,3,10.602094
72,3,10.533160
73,3,10.465116
74,3,10.397946
75,3,10.331633
76,3,10.266160
77,3,10.201511
78,3,10.137672
79,3,10.074627
80,3,10.012361
81,3,9.926471
82,3,9.842041
83,3,9.759036
84,3,9.677419
85,3,9.597156
86,3,9.518214
87,3,9.440559
88,3,9.364162
89,3,9.288991
90,3,9.215017
91,3,9.142212
92,3,9.070549
93,3,9.000000
94,3,8.930540
95,3,8.862144
96,3,8.794788
97,3,8.728448
98,3,8.663102
99,3,8.598726
100,3,8.535300
101,3,8.472803
102,3,8.411215
103,3,8.350515
104,3,8.333333
105,3,8.316222
106,3,8.299180
107,3,8.282209
108,3,8.265306
109,3,8.248473
110,3,8.231707
111,3,8.215010
112,3,8.198381
113,3,8.181818
114,3,8.165323
115,3,8.148893
116,3,8.132530
117,3,8.116232
118,3,8.100000
119,3,8.083832
120,3,8.067729
121,3,8.043694
122,3,8.019802
123,3,7.996051
124,3,7.972441
125,3,7.948970
126,3,7.925636
127,3,7.902439
128,3,7.879377
129,3,7.856450
130,3,7.833656
131,3,7.810993
132,3,7.788462
133,3,7.766059
134,3,7.743786
135,3,7.721640
136,3,7.699620
137,3,7.677725
138,3,7.655955
139,3,7.634307
140,3,7.612782
141,3,7.591378
142,3,7.591378
143,3,7.591378
144,3,7.591378
145,3,7.591378
146,3,7.591378
147,3,7.591378
148,3,7.591378
149,3,7.591378
150,3,7.591378
151,3,7.591378
152,3,7.591378
153,3,7.591378
154,3,7.591378
155,3,7.591378
156,3,7.591378
157,3,7.591378
158,3,7.591378
159,3,7.591378
160,3,7.591378
161,3,7.591378
162,3,7.591378
163,3,7.591378
164,3,7.591378
165,3,7.591378
166,3,7.591378
167,3,7.591378
168,3,7.591378
169,3,7.591378
170,3,7.591378
171,3,7.591378
172,3,7.591378
173,3,7.591378
174,3,7.591378
175,3,7.591378
176,3,7.591378
177,3,7.591378
178,3,7.591378
179,3,7.591378
180,3,7.591378
