1,1,810,170,180,490,-1,-1,-1,-1,-1
2,1,810,169,180,490,-1,-1,-1,-1,-1
3,1,810,169,180,490,-1,-1,-1,-1,-1
4,1,810,169,180,490,-1,-1,-1,-1,-1
5,1,810,169,180,490,-1,-1,-1,-1,-1
6,1,810,169,180,490,-1,-1,-1,-1,-1
7,1,810,168,180,490,-1,-1,-1,-1,-1
8,1,810,168,180,490,-1,-1,-1,-1,-1
9,1,810,168,180,490,-1,-1,-1,-1,-1
10,1,810,168,180,490,-1,-1,-1,-1,-1
11,1,810,168,180,490,-1,-1,-1,-1,-1
12,1,810,167,180,490,-1,-1,-1,-1,-1
13,1,810,167,180,490,-1,-1,-1,-1,-1
14,1,810,167,180,490,-1,-1,-1,-1,-1
15,1,810,167,180,490,-1,-1,-1,-1,-1
16,1,810,167,180,490,-1,-1,-1,-1,-1
17,1,810,166,180,490,-1,-1,-1,-1,-1
18,1,810,166,180,490,-1,-1,-1,-1,-1
19,1,810,166,180,490,-1,-1,-1,-1,-1
20,1,810,166,180,490,-1,-1,-1,-1,-1
21,1,810,166,180,490,-1,-1,-1,-1,-1
22,1,810,165,180,490,-1,-1,-1,-1,-1
23,1,810,165,180,490,-1,-1,-1,-1,-1
24,1,810,165,180,490,-1,-1,-1,-1,-1
25,1,810,165,180,490,-1,-1,-1,-1,-1
26,1,810,165,180,490,-1,-1,-1,-1,-1
27,1,810,164,180,490,-1,-1,-1,-1,-1
28,1,810,164,180,490,-1,-1,-1,-1,-1
29,1,810,164,180,490,-1,-1,-1,-1,-1
30,1,810,164,180,490,-1,-1,-1,-1,-1
31,1,809,164,181,491,-1,-1,-1,-1,-1
32,1,808,163,182,492,-1,-1,-1,-1,-1
33,1,808,163,183,493,-1,-1,-1,-1,-1
34,1,807,163,184,494,-1,-1,-1,-1,-1
35,1,806,163,185,495,-1,-1,-1,-1,-1
36,1,806,163,186,496,-1,-1,-1,-1,-1
37,1,805,162,187,497,-1,-1,-1,-1,-1
38,1,805,162,188,498,-1,-1,-1,-1,-1
39,1,804,162,189,499,-1,-1,-1,-1,-1
40,1,803,162,190,500,-1,-1,-1,-1,-1
41,1,803,162,191,501,-1,-1,-1,-1,-1
42,1,802,161,192,502,-1,-1,-1,-1,-1
43,1,802,161,193,503,-1,-1,-1,-1,-1
44,1,801,161,194,504,-1,-1,-1,-1,-1
45,1,800,161,195,505,-1,-1,-1,-1,-1
46,1,800,161,196,506,-1,-1,-1,-1,-1
47,1,799,160,197,507,-1,-1,-1,-1,-1
48,1,799,160,198,508,-1,-1,-1,-1,-1
49,1,798,160,199,509,-1,-1,-1,-1,-1
50,1,797,160,200,510,-1,-1,-1,-1,-1
51,1,797,160,201,511,-1,-1,-1,-1,-1
52,1,796,159,202,512,-1,-1,-1,-1,-1
53,1,796,159,203,513,-1,-1,-1,-1,-1
54,1,795,159,204,514,-1,-1,-1,-1,-1
55,1,794,159,205,515,-1,-1,-1,-1,-1
56,1,794,159,206,516,-1,-1,-1,-1,-1
57,1,793,158,207,517,-1,-1,-1,-1,-1
58,1,793,158,208,518,-1,-1,-1,-1,-1
59,1,792,158,209,519,-1,-1,-1,-1,-1
60,1,791,158,210,520,-1,-1,-1,-1,-1
61,1,791,158,211,521,-1,-1,-1,-1,-1
62,1,790,157,212,522,-1,-1,-1,-1,-1
63,1,790,157,213,523,-1,-1,-1,-1,-1
64,1,789,157,214,524,-1,-1,-1,-1,-1
65,1,788,157,215,525,-1,-1,-1,-1,-1
66,1,788,157,216,526,-1,-1,-1,-1,-1
67,1,787,156,217,527,-1,-1,-1,-1,-1
68,1,787,156,218,528,-1,-1,-1,-1,-1
69,1,786,156,219,529,-1,-1,-1,-1,-1
70,1,785,156,220,530,-1,-1,-1,-1,-1
71,1,785,156,221,533,-1,-1,-1,-1,-1
72,1,784,155,222,536,-1,-1,-1,-1,-1
73,1,784,155,223,539,-1,-1,-1,-1,-1
74,1,783,155,224,542,-1,-1,-1,-1,-1
75,1,782,155,225,545,-1,-1,-1,-1,-1
76,1,782,155,226,548,-1,-1,-1,-1,-1
77,1,781,154,227,551,-1,-1,-1,-1,-1
78,1,781,154,228,554,-1,-1,-1,-1,-1
79,1,780,154,229,557,-1,-1,-1,-1,-1
80,1,779,154,230,560,-1,-1,-1,-1,-1
81,1,779,154,231,563,-1,-1,-1,-1,-1
82,1,778,153,232,566,-1,-1,-1,-1,-1
83,1,778,153,233,569,-1,-1,-1,-1,-1
84,1,777,153,234,572,-1,-1,-1,-1,-1
85,1,776,153,235,575,-1,-1,-1,-1,-1
86,1,776,153,236,578,-1,-1,-1,-1,-1
87,1,775,152,237,581,-1,-1,-1,-1,-1
88,1,775,152,238,584,-1,-1,-1,-1,-1
89,1,774,152,239,587,-1,-1,-1,-1,-1
90,1,773,152,240,590,-1,-1,-1,-1,-1
91,1,773,152,241,593,-1,-1,-1,-1,-1
92,1,772,151,242,596,-1,-1,-1,-1,-1
93,1,772,151,243,599,-1,-1,-1,-1,-1
94,1,771,151,244,602,-1,-1,-1,-1,-1
95,1,770,151,245,605,-1,-1,-1,-1,-1
96,1,770,150,246,610,-1,-1,-1,-1,-1
97,1,769,149,247,615,-1,-1,-1,-1,-1
98,1,769,148,248,620,-1,-1,-1,-1,-1
99,1,768,147,249,625,-1,-1,-1,-1,-1
100,1,767,146,250,630,-1,-1,-1,-1,-1
101,1,767,145,251,635,-1,-1,-1,-1,-1
102,1,766,144,252,640,-1,-1,-1,-1,-1
103,1,766,143,253,645,-1,-1,-1,-1,-1
104,1,765,142,254,650,-1,-1,-1,-1,-1
105,1,764,141,255,655,-1,-1,-1,-1,-1
106,1,761,140,261,664,-1,-1,-1,-1,-1
107,1,758,139,267,673,-1,-1,-1,-1,-1
108,1,755,138,273,682,-1,-1,-1,-1,-1
109,1,752,137,279,691,-1,-1,-1,-1,-1
110,1,749,136,285,700,-1,-1,-1,-1,-1
111,1,746,135,291,709,-1,-1,-1,-1,-1
112,1,743,134,297,718,-1,-1,-1,-1,-1
113,1,740,133,303,727,-1,-1,-1,-1,-1
114,1,737,132,309,736,-1,-1,-1,-1,-1
115,1,734,131,315,745,-1,-1,-1,-1,-1
116,1,729,130,323,757,-1,-1,-1,-1,-1
117,1,724,129,331,769,-1,-1,-1,-1,-1
118,1,719,128,339,781,-1,-1,-1,-1,-1
119,1,714,127,347,793,-1,-1,-1,-1,-1
120,1,709,126,355,805,-1,-1,-1,-1,-1
121,1,704,125,363,817,-1,-1,-1,-1,-1
122,1,699,124,371,829,-1,-1,-1,-1,-1
123,1,694,123,379,841,-1,-1,-1,-1,-1
124,1,689,122,387,853,-1,-1,-1,-1,-1
125,1,684,121,395,865,-1,-1,-1,-1,-1
126,1,679,120,403,877,-1,-1,-1,-1,-1
127,1,674,119,411,889,-1,-1,-1,-1,-1
128,1,669,118,419,901,-1,-1,-1,-1,-1
129,1,664,117,427,913,-1,-1,-1,-1,-1
130,1,659,116,435,925,-1,-1,-1,-1,-1
131,1,654,113,440,931,-1,-1,-1,-1,-1
132,1,649,110,445,937,-1,-1,-1,-1,-1
133,1,644,107,450,943,-1,-1,-1,-1,-1
134,1,639,104,455,949,-1,-1,-1,-1,-1
135,1,634,101,460,955,-1,-1,-1,-1,-1
136,1,629,98,465,961,-1,-1,-1,-1,-1
137,1,624,95,470,967,-1,-1,-1,-1,-1
138,1,619,92,475,973,-1,-1,-1,-1,-1
139,1,614,89,480,979,-1,-1,-1,-1,-1
140,1,609,86,485,985,-1,-1,-1,-1,-1
141,1,604,83,490,988,-1,-1,-1,-1,-1
142,1,599,80,496,991,-1,-1,-1,-1,-1
143,1,594,77,501,994,-1,-1,-1,-1,-1
144,1,589,74,507,997,-1,-1,-1,-1,-1
145,1,584,71,512,1000,-1,-1,-1,-1,-1
146,1,579,68,518,1003,-1,-1,-1,-1,-1
147,1,574,65,523,1006,-1,-1,-1,-1,-1
148,1,569,62,529,1009,-1,-1,-1,-1,-1
149,1,564,59,534,1012,-1,-1,-1,-1,-1
150,1,559,56,540,1015,-1,-1,-1,-1,-1
151,1,554,53,545,1018,-1,-1,-1,-1,-1
152,1,549,50,551,1021,-1,-1,-1,-1,-1
153,1,544,47,556,1024,-1,-1,-1,-1,-1
154,1,539,44,562,1027,-1,-1,-1,-1,-1
155,1,534,41,567,1030,-1,-1,-1,-1,-1
156,1,529,38,573,1033,-1,-1,-1,-1,-1
157,1,524,35,578,1036,-1,-1,-1,-1,-1
158,1,519,32,584,1039,-1,-1,-1,-1,-1
159,1,514,29,589,1042,-1,-1,-1,-1,-1
160,1,509,26,595,1045,-1,-1,-1,-1,-1
161,1,504,23,600,1048,-1,-1,-1,-1,-1
162,1,499,20,606,1051,-1,-1,-1,-1,-1
163,1,494,17,611,1054,-1,-1,-1,-1,-1
164,1,489,14,617,1057,-1,-1,-1,-1,-1
165,1,484,11,622,1060,-1,-1,-1,-1,-1
166,1,479,8,628,1063,-1,-1,-1,-1,-1
167,1,474,8,633,1063,-1,-1,-1,-1,-1
168,1,469,8,639,1063,-1,-1,-1,-1,-1
169,1,464,8,644,1063,-1,-1,-1,-1,-1
170,1,459,8,650,1063,-1,-1,-1,-1,-1
171,1,456,8,646,1063,-1,-1,-1,-1,-1
172,1,453,8,642,1063,-1,-1,-1,-1,-1
173,1,450,8,638,1063,-1,-1,-1,-1,-1
174,1,447,8,634,1063,-1,-1,-1,-1,-1
175,1,444,8,630,1063,-1,-1,-1,-1,-1
176,1,441,8,626,1063,-1,-1,-1,-1,-1
177,1,438,8,622,1063,-1,-1,-1,-1,-1
178,1,435,8,618,1063,-1,-1,-1,-1,-1
179,1,432,8,614,1063,-1,-1,-1,-1,-1
180,1,429,8,610,1063,-1,-1,-1,-1,-1
181,1,426,8,606,1063,-1,-1,-1,-1,-1
182,1,423,8,602,1063,-1,-1,-1,-1,-1
183,1,420,8,598,1063,-1,-1,-1,-1,-1
184,1,417,8,594,1063,-1,-1,-1,-1,-1
185,1,414,8,590,1063,-1,-1,-1,-1,-1
186,1,411,8,586,1063,-1,-1,-1,-1,-1
187,1,408,8,582,1063,-1,-1,-1,-1,-1
188,1,405,8,578,1063,-1,-1,-1,-1,-1
189,1,402,8,574,1063,-1,-1,-1,-1,-1
190,1,399,8,570,1063,-1,-1,-1,-1,-1
191,1,392,8,573,1063,-1,-1,-1,-1,-1
192,1,385,8,576,1063,-1,-1,-1,-1,-1
193,1,378,8,579,1063,-1,-1,-1,-1,-1
194,1,371,8,582,1063,-1,-1,-1,-1,-1
195,1,364,8,585,1063,-1,-1,-1,-1,-1
196,1,357,8,588,1063,-1,-1,-1,-1,-1
197,1,350,8,591,1063,-1,-1,-1,-1,-1
198,1,343,8,594,1063,-1,-1,-1,-1,-1
199,1,336,8,597,1063,-1,-1,-1,-1,-1
200,1,329,8,600,1063,-1,-1,-1,-1,-1
201,1,322,8,603,1063,-1,-1,-1,-1,-1
202,1,315,8,606,1063,-1,-1,-1,-1,-1
203,1,308,8,609,1063,-1,-1,-1,-1,-1
204,1,301,8,612,1063,-1,-1,-1,-1,-1
205,1,294,8,615,1063,-1,-1,-1,-1,-1
206,1,287,8,618,1063,-1,-1,-1,-1,-1
207,1,280,8,621,1063,-1,-1,-1,-1,-1
208,1,273,8,624,1063,-1,-1,-1,-1,-1
209,1,266,8,627,1063,-1,-1,-1,-1,-1
210,1,259,8,630,1063,-1,-1,-1,-1,-1
211,1,252,8,633,1063,-1,-1,-1,-1,-1
212,1,245,8,636,1063,-1,-1,-1,-1,-1
213,1,238,8,639,1063,-1,-1,-1,-1,-1
214,1,231,8,642,1063,-1,-1,-1,-1,-1
215,1,224,8,645,1063,-1,-1,-1,-1,-1
216,1,217,8,648,1063,-1,-1,-1,-1,-1
217,1,210,8,651,1063,-1,-1,-1,-1,-1
218,1,203,8,654,1063,-1,-1,-1,-1,-1
219,1,196,8,657,1063,-1,-1,-1,-1,-1
